# Number of Voxels
7.760000000000000000e+02
8.650000000000000000e+02
8.980000000000000000e+02
7.320000000000000000e+02
7.670000000000000000e+02
9.150000000000000000e+02
6.560000000000000000e+02
6.800000000000000000e+02
7.580000000000000000e+02
7.440000000000000000e+02
7.050000000000000000e+02
8.890000000000000000e+02
1.078000000000000000e+03
9.280000000000000000e+02
1.077000000000000000e+03
1.008000000000000000e+03
7.890000000000000000e+02
6.110000000000000000e+02
7.960000000000000000e+02
1.029000000000000000e+03
1.023000000000000000e+03
9.340000000000000000e+02
1.007000000000000000e+03
8.190000000000000000e+02
6.410000000000000000e+02
6.010000000000000000e+02
8.050000000000000000e+02
1.038000000000000000e+03
3.250000000000000000e+02
3.420000000000000000e+02
3.840000000000000000e+02
3.220000000000000000e+02
3.160000000000000000e+02
3.720000000000000000e+02
3.820000000000000000e+02
4.150000000000000000e+02
4.590000000000000000e+02
5.570000000000000000e+02
2.850000000000000000e+02
2.770000000000000000e+02
5.090000000000000000e+02
6.250000000000000000e+02
5.170000000000000000e+02
4.750000000000000000e+02
9.230000000000000000e+02
1.198000000000000000e+03
6.490000000000000000e+02
7.440000000000000000e+02
9.220000000000000000e+02
8.160000000000000000e+02
5.830000000000000000e+02
5.100000000000000000e+02
8.880000000000000000e+02
5.170000000000000000e+02
7.120000000000000000e+02
8.800000000000000000e+02
6.190000000000000000e+02
6.290000000000000000e+02
2.930000000000000000e+02
4.350000000000000000e+02
4.280000000000000000e+02
4.260000000000000000e+02
7.480000000000000000e+02
6.790000000000000000e+02
3.410000000000000000e+02
4.640000000000000000e+02
4.860000000000000000e+02
6.190000000000000000e+02
7.200000000000000000e+02
6.540000000000000000e+02
4.890000000000000000e+02
3.680000000000000000e+02
8.040000000000000000e+02
7.230000000000000000e+02
5.890000000000000000e+02
5.560000000000000000e+02
5.030000000000000000e+02
6.550000000000000000e+02
6.510000000000000000e+02
3.790000000000000000e+02
5.550000000000000000e+02
6.920000000000000000e+02
7.690000000000000000e+02
9.600000000000000000e+02
6.200000000000000000e+02
7.240000000000000000e+02
8.520000000000000000e+02
1.188000000000000000e+03
2.890000000000000000e+02
1.800000000000000000e+02
3.260000000000000000e+02
1.990000000000000000e+02
4.730000000000000000e+02
4.460000000000000000e+02
4.730000000000000000e+02
4.520000000000000000e+02
4.150000000000000000e+02
3.550000000000000000e+02
4.970000000000000000e+02
4.070000000000000000e+02
5.810000000000000000e+02
5.690000000000000000e+02
9.400000000000000000e+02
1.046000000000000000e+03
6.150000000000000000e+02
5.580000000000000000e+02
8.910000000000000000e+02
7.590000000000000000e+02
1.710000000000000000e+02
1.440000000000000000e+02
1.200000000000000000e+02
1.400000000000000000e+02
1.640000000000000000e+02
1.320000000000000000e+02
1.820000000000000000e+02
1.200000000000000000e+02
9.300000000000000000e+01
1.310000000000000000e+02
1.220000000000000000e+02
1.300000000000000000e+02
3.100000000000000000e+02
3.410000000000000000e+02
3.650000000000000000e+02
3.000000000000000000e+02
3.650000000000000000e+02
5.360000000000000000e+02
4.730000000000000000e+02
4.900000000000000000e+02
4.780000000000000000e+02
3.680000000000000000e+02
5.160000000000000000e+02
4.570000000000000000e+02
4.050000000000000000e+02
4.740000000000000000e+02
1.035000000000000000e+03
1.173000000000000000e+03
8.090000000000000000e+02
9.640000000000000000e+02
1.032000000000000000e+03
1.020000000000000000e+03
1.086000000000000000e+03
1.168000000000000000e+03
1.557000000000000000e+03
1.347000000000000000e+03
1.068000000000000000e+03
1.282000000000000000e+03
5.230000000000000000e+02
4.260000000000000000e+02
5.780000000000000000e+02
6.750000000000000000e+02
8.730000000000000000e+02
1.040000000000000000e+03
7.770000000000000000e+02
9.400000000000000000e+02
9.190000000000000000e+02
9.180000000000000000e+02
6.540000000000000000e+02
6.130000000000000000e+02
7.320000000000000000e+02
7.600000000000000000e+02
6.770000000000000000e+02
5.320000000000000000e+02
3.230000000000000000e+02
2.750000000000000000e+02
2.390000000000000000e+02
2.080000000000000000e+02
2.490000000000000000e+02
2.250000000000000000e+02
2.690000000000000000e+02
2.860000000000000000e+02
2.860000000000000000e+02
2.730000000000000000e+02
4.100000000000000000e+02
3.100000000000000000e+02
4.830000000000000000e+02
4.090000000000000000e+02
2.130000000000000000e+02
3.520000000000000000e+02
4.710000000000000000e+02
3.760000000000000000e+02
3.510000000000000000e+02
3.140000000000000000e+02
3.650000000000000000e+02
2.550000000000000000e+02
6.120000000000000000e+02
5.490000000000000000e+02
6.460000000000000000e+02
4.150000000000000000e+02
4.130000000000000000e+02
5.500000000000000000e+02
7.750000000000000000e+02
8.250000000000000000e+02
6.080000000000000000e+02
6.360000000000000000e+02
5.680000000000000000e+02
6.610000000000000000e+02
9.960000000000000000e+02
1.049000000000000000e+03
8.260000000000000000e+02
8.430000000000000000e+02
7.520000000000000000e+02
8.080000000000000000e+02
9.810000000000000000e+02
9.980000000000000000e+02
9.950000000000000000e+02
8.600000000000000000e+02
6.160000000000000000e+02
6.420000000000000000e+02
5.930000000000000000e+02
7.820000000000000000e+02
1.700000000000000000e+02
2.150000000000000000e+02
8.600000000000000000e+01
1.360000000000000000e+02
5.720000000000000000e+02
4.850000000000000000e+02
5.890000000000000000e+02
6.120000000000000000e+02
4.230000000000000000e+02
3.160000000000000000e+02
3.220000000000000000e+02
3.180000000000000000e+02
3.490000000000000000e+02
4.270000000000000000e+02
3.310000000000000000e+02
2.930000000000000000e+02
5.260000000000000000e+02
6.710000000000000000e+02
6.120000000000000000e+02
5.530000000000000000e+02
2.000000000000000000e+02
1.830000000000000000e+02
1.190000000000000000e+02
1.940000000000000000e+02
1.390000000000000000e+02
1.490000000000000000e+02
2.020000000000000000e+02
2.130000000000000000e+02
2.440000000000000000e+02
2.110000000000000000e+02
2.430000000000000000e+02
1.660000000000000000e+02
2.140000000000000000e+02
1.580000000000000000e+02
3.650000000000000000e+02
2.790000000000000000e+02
1.104000000000000000e+03
1.110000000000000000e+03
1.093000000000000000e+03
9.690000000000000000e+02
2.202000000000000000e+03
4.720000000000000000e+02
2.033000000000000000e+03
3.323000000000000000e+03
1.000000000000000000e+00
3.544000000000000000e+03
2.620000000000000000e+03
9.000000000000000000e+01
2.500000000000000000e+03
1.135000000000000000e+03
2.900000000000000000e+01
1.217000000000000000e+03
1.128000000000000000e+03
2.630000000000000000e+02
1.211000000000000000e+03
1.057000000000000000e+03
1.210000000000000000e+02
1.076000000000000000e+03
8.100000000000000000e+02
1.500000000000000000e+02
9.170000000000000000e+02
3.340000000000000000e+02
1.050000000000000000e+02
3.200000000000000000e+02
