# min_pval,min_qval,p_lt_point_1,p_lt_point_01,p_lt_point_05,q_lt_point_1,q_lt_point_01,q_lt_point_05
5.375119262101871165e-06,7.061205378064052685e-01,2.540300000000000000e+04,2.925000000000000000e+03,1.339200000000000000e+04,0.000000000000000000e+00,0.000000000000000000e+00,0.000000000000000000e+00
2.915436512727344186e-06,3.202759893813387215e-01,2.724900000000000000e+04,3.502000000000000000e+03,1.446700000000000000e+04,0.000000000000000000e+00,0.000000000000000000e+00,0.000000000000000000e+00
3.077101842661204669e-07,7.030654603167599270e-02,3.175000000000000000e+04,4.195000000000000000e+03,1.737300000000000000e+04,3.000000000000000000e+00,0.000000000000000000e+00,0.000000000000000000e+00
2.424881936472449541e-06,1.076823213329460016e-01,3.239300000000000000e+04,4.837000000000000000e+03,1.815000000000000000e+04,0.000000000000000000e+00,0.000000000000000000e+00,0.000000000000000000e+00
1.113567522721532042e-06,2.254726206444940817e-01,3.136200000000000000e+04,4.342000000000000000e+03,1.723000000000000000e+04,0.000000000000000000e+00,0.000000000000000000e+00,0.000000000000000000e+00
1.175854005391564227e-06,2.247071147124826695e-01,2.859000000000000000e+04,3.337000000000000000e+03,1.529500000000000000e+04,0.000000000000000000e+00,0.000000000000000000e+00,0.000000000000000000e+00
1.473068963523249407e-06,2.381248904221624219e-01,2.892800000000000000e+04,3.560000000000000000e+03,1.527300000000000000e+04,0.000000000000000000e+00,0.000000000000000000e+00,0.000000000000000000e+00
1.016242783696946316e-06,1.807592223699348299e-01,3.025300000000000000e+04,4.491000000000000000e+03,1.680500000000000000e+04,0.000000000000000000e+00,0.000000000000000000e+00,0.000000000000000000e+00
2.957999208012280155e-07,3.652510942635033009e-02,2.890800000000000000e+04,3.824000000000000000e+03,1.558600000000000000e+04,1.700000000000000000e+01,0.000000000000000000e+00,2.000000000000000000e+00
3.295104898233987549e-06,2.333032947251031386e-01,2.788800000000000000e+04,3.764000000000000000e+03,1.499500000000000000e+04,0.000000000000000000e+00,0.000000000000000000e+00,0.000000000000000000e+00
2.993841338245985164e-05,7.460926669915222131e-01,2.733500000000000000e+04,2.914000000000000000e+03,1.410800000000000000e+04,0.000000000000000000e+00,0.000000000000000000e+00,0.000000000000000000e+00
3.723160900768212962e-06,5.429027693685816169e-01,2.754000000000000000e+04,3.114000000000000000e+03,1.438100000000000000e+04,0.000000000000000000e+00,0.000000000000000000e+00,0.000000000000000000e+00
1.241086853333534303e-05,5.583757331647074551e-01,3.010000000000000000e+04,3.709000000000000000e+03,1.622600000000000000e+04,0.000000000000000000e+00,0.000000000000000000e+00,0.000000000000000000e+00
2.958195564243404561e-06,4.288272786880014120e-01,3.283600000000000000e+04,4.464000000000000000e+03,1.812500000000000000e+04,0.000000000000000000e+00,0.000000000000000000e+00,0.000000000000000000e+00
8.202177396562507129e-07,1.349066543855531042e-01,3.272500000000000000e+04,4.705000000000000000e+03,1.834500000000000000e+04,0.000000000000000000e+00,0.000000000000000000e+00,0.000000000000000000e+00
1.472208248988336806e-06,1.810798756955423472e-01,2.849600000000000000e+04,3.476000000000000000e+03,1.517200000000000000e+04,0.000000000000000000e+00,0.000000000000000000e+00,0.000000000000000000e+00
6.322710095270149647e-06,6.773979256951718764e-01,2.658900000000000000e+04,3.211000000000000000e+03,1.405800000000000000e+04,0.000000000000000000e+00,0.000000000000000000e+00,0.000000000000000000e+00
1.257998374666528843e-06,1.405761216639959399e-01,2.667400000000000000e+04,3.197000000000000000e+03,1.402800000000000000e+04,0.000000000000000000e+00,0.000000000000000000e+00,0.000000000000000000e+00
1.213428458983562322e-07,2.772477745939412597e-02,3.367800000000000000e+04,5.163000000000000000e+03,1.916800000000000000e+04,4.600000000000000000e+01,0.000000000000000000e+00,3.000000000000000000e+00
6.145992372114098905e-08,1.404254775157745549e-02,2.756900000000000000e+04,3.149000000000000000e+03,1.441200000000000000e+04,4.000000000000000000e+00,0.000000000000000000e+00,1.000000000000000000e+00
2.472237920609280262e-06,4.018953192325395163e-01,2.997500000000000000e+04,3.979000000000000000e+03,1.629100000000000000e+04,0.000000000000000000e+00,0.000000000000000000e+00,0.000000000000000000e+00
1.189124198956731209e-06,2.123936550732956341e-01,3.042300000000000000e+04,4.039000000000000000e+03,1.681800000000000000e+04,0.000000000000000000e+00,0.000000000000000000e+00,0.000000000000000000e+00
6.956533512228393782e-06,6.200886096456184049e-01,2.895200000000000000e+04,3.460000000000000000e+03,1.528900000000000000e+04,0.000000000000000000e+00,0.000000000000000000e+00,0.000000000000000000e+00
2.110924137635344780e-06,2.942478991311122116e-01,2.263700000000000000e+04,2.174000000000000000e+03,1.126800000000000000e+04,0.000000000000000000e+00,0.000000000000000000e+00,0.000000000000000000e+00
6.513916605293715141e-10,1.488319207727323778e-04,3.838600000000000000e+04,6.551000000000000000e+03,2.263000000000000000e+04,2.040000000000000000e+02,1.600000000000000000e+01,5.000000000000000000e+01
1.129373959383571692e-06,1.990976786388472808e-01,2.874100000000000000e+04,4.179000000000000000e+03,1.583000000000000000e+04,0.000000000000000000e+00,0.000000000000000000e+00,0.000000000000000000e+00
4.388246195346499306e-07,4.947384089989304706e-02,3.116500000000000000e+04,4.005000000000000000e+03,1.691800000000000000e+04,1.000000000000000000e+01,0.000000000000000000e+00,3.000000000000000000e+00
1.314041922425952610e-06,1.998604657084965541e-01,3.037900000000000000e+04,4.190000000000000000e+03,1.671300000000000000e+04,0.000000000000000000e+00,0.000000000000000000e+00,0.000000000000000000e+00
7.566647011702419296e-07,1.728850209174803698e-01,2.772300000000000000e+04,3.352000000000000000e+03,1.464100000000000000e+04,0.000000000000000000e+00,0.000000000000000000e+00,0.000000000000000000e+00
8.559347217690431816e-06,5.809905634990548684e-01,2.757300000000000000e+04,3.028000000000000000e+03,1.436300000000000000e+04,0.000000000000000000e+00,0.000000000000000000e+00,0.000000000000000000e+00
1.559239915784173752e-05,6.693422906847085185e-01,2.756800000000000000e+04,3.212000000000000000e+03,1.434600000000000000e+04,0.000000000000000000e+00,0.000000000000000000e+00,0.000000000000000000e+00
1.079538621665815644e-05,5.267309273409426229e-01,3.005700000000000000e+04,3.775000000000000000e+03,1.628300000000000000e+04,0.000000000000000000e+00,0.000000000000000000e+00,0.000000000000000000e+00
1.960227080130031192e-05,8.085964411591792800e-01,2.576200000000000000e+04,2.799000000000000000e+03,1.330200000000000000e+04,0.000000000000000000e+00,0.000000000000000000e+00,0.000000000000000000e+00
1.921618901143687924e-07,4.390572513900132395e-02,2.714600000000000000e+04,3.261000000000000000e+03,1.421900000000000000e+04,2.000000000000000000e+00,0.000000000000000000e+00,2.000000000000000000e+00
5.715880132950864909e-06,6.579306847203117981e-01,2.707600000000000000e+04,3.255000000000000000e+03,1.422500000000000000e+04,0.000000000000000000e+00,0.000000000000000000e+00,0.000000000000000000e+00
1.718412236726448971e-06,2.769632976687740333e-01,2.753200000000000000e+04,3.361000000000000000e+03,1.437400000000000000e+04,0.000000000000000000e+00,0.000000000000000000e+00,0.000000000000000000e+00
1.203382470796037171e-05,4.230218124191115203e-01,3.228100000000000000e+04,4.426000000000000000e+03,1.794400000000000000e+04,0.000000000000000000e+00,0.000000000000000000e+00,0.000000000000000000e+00
9.093975769420456110e-07,1.031488434386022002e-01,2.905100000000000000e+04,3.852000000000000000e+03,1.576200000000000000e+04,0.000000000000000000e+00,0.000000000000000000e+00,0.000000000000000000e+00
6.071868494226423663e-07,5.769763699779321964e-02,2.919700000000000000e+04,3.944000000000000000e+03,1.587100000000000000e+04,1.000000000000000000e+01,0.000000000000000000e+00,0.000000000000000000e+00
5.992945131747999932e-07,7.181791575965924823e-02,2.996400000000000000e+04,3.697000000000000000e+03,1.613600000000000000e+04,7.000000000000000000e+00,0.000000000000000000e+00,0.000000000000000000e+00
2.151515992722795559e-07,4.915848285652824751e-02,3.362800000000000000e+04,5.011000000000000000e+03,1.893600000000000000e+04,2.600000000000000000e+01,0.000000000000000000e+00,1.000000000000000000e+00
7.401796122878359799e-08,8.012885536545609130e-03,3.569700000000000000e+04,6.050000000000000000e+03,2.069300000000000000e+04,8.300000000000000000e+01,5.000000000000000000e+00,2.300000000000000000e+01
3.391842309221461239e-07,7.749783063378470893e-02,3.357100000000000000e+04,5.436000000000000000e+03,1.903200000000000000e+04,1.000000000000000000e+00,0.000000000000000000e+00,0.000000000000000000e+00
2.272832268303729312e-06,2.520779602263091279e-01,3.208500000000000000e+04,4.691000000000000000e+03,1.804800000000000000e+04,0.000000000000000000e+00,0.000000000000000000e+00,0.000000000000000000e+00
1.326573143341311310e-06,1.439159818191759477e-01,3.020500000000000000e+04,4.323000000000000000e+03,1.661100000000000000e+04,0.000000000000000000e+00,0.000000000000000000e+00,0.000000000000000000e+00
1.750563295842778792e-07,3.520291262874692545e-02,3.323700000000000000e+04,4.715000000000000000e+03,1.861600000000000000e+04,3.000000000000000000e+00,0.000000000000000000e+00,2.000000000000000000e+00
2.256294382883364629e-07,2.796228177788478639e-02,3.224800000000000000e+04,4.862000000000000000e+03,1.815300000000000000e+04,9.700000000000000000e+01,0.000000000000000000e+00,6.000000000000000000e+00
9.873104765778701403e-09,1.131569966781047600e-03,3.532300000000000000e+04,5.746000000000000000e+03,2.023100000000000000e+04,6.520000000000000000e+02,3.200000000000000000e+01,3.220000000000000000e+02
1.091095706469489091e-05,6.242896039224877791e-01,2.683700000000000000e+04,2.982000000000000000e+03,1.395700000000000000e+04,0.000000000000000000e+00,0.000000000000000000e+00,0.000000000000000000e+00
1.315322422272963641e-05,7.537417380957340818e-01,2.632200000000000000e+04,2.910000000000000000e+03,1.374400000000000000e+04,0.000000000000000000e+00,0.000000000000000000e+00,0.000000000000000000e+00
6.481514336094379826e-06,3.424010633716441654e-01,3.112200000000000000e+04,4.537000000000000000e+03,1.714000000000000000e+04,0.000000000000000000e+00,0.000000000000000000e+00,0.000000000000000000e+00
4.343905357804251838e-07,6.466062389704668734e-02,3.245500000000000000e+04,4.744000000000000000e+03,1.812400000000000000e+04,7.500000000000000000e+01,0.000000000000000000e+00,0.000000000000000000e+00
5.981723187310332739e-07,1.366722059006226508e-01,3.027200000000000000e+04,4.285000000000000000e+03,1.681800000000000000e+04,0.000000000000000000e+00,0.000000000000000000e+00,0.000000000000000000e+00
1.758239188438600032e-06,2.108916647335106198e-01,3.074000000000000000e+04,4.567000000000000000e+03,1.730100000000000000e+04,0.000000000000000000e+00,0.000000000000000000e+00,0.000000000000000000e+00
6.133436256983463512e-07,1.237751144590426705e-01,3.005700000000000000e+04,4.035000000000000000e+03,1.635700000000000000e+04,0.000000000000000000e+00,0.000000000000000000e+00,0.000000000000000000e+00
1.125553503186772742e-06,1.474876208797671895e-01,2.598900000000000000e+04,2.888000000000000000e+03,1.354200000000000000e+04,0.000000000000000000e+00,0.000000000000000000e+00,0.000000000000000000e+00
7.400911788199924693e-07,1.690982528103283367e-01,3.346500000000000000e+04,4.701000000000000000e+03,1.874900000000000000e+04,0.000000000000000000e+00,0.000000000000000000e+00,0.000000000000000000e+00
9.899783522586930949e-06,4.163797100107945459e-01,2.932200000000000000e+04,3.579000000000000000e+03,1.557900000000000000e+04,0.000000000000000000e+00,0.000000000000000000e+00,0.000000000000000000e+00
2.619041300169458400e-06,2.916652420721482231e-01,2.945400000000000000e+04,3.553000000000000000e+03,1.585900000000000000e+04,0.000000000000000000e+00,0.000000000000000000e+00,0.000000000000000000e+00
2.013530249534657157e-06,1.448566859472166235e-01,2.990000000000000000e+04,4.092000000000000000e+03,1.636900000000000000e+04,0.000000000000000000e+00,0.000000000000000000e+00,0.000000000000000000e+00
9.534842398183424426e-08,1.278218374930338921e-02,3.205800000000000000e+04,5.171000000000000000e+03,1.813000000000000000e+04,8.900000000000000000e+01,0.000000000000000000e+00,7.000000000000000000e+00
9.949765044038785743e-08,1.309298967144221018e-02,3.121400000000000000e+04,4.647000000000000000e+03,1.730200000000000000e+04,2.300000000000000000e+01,0.000000000000000000e+00,1.500000000000000000e+01
1.662942962069808629e-06,2.641839100044277577e-01,3.107800000000000000e+04,4.318000000000000000e+03,1.725600000000000000e+04,0.000000000000000000e+00,0.000000000000000000e+00,0.000000000000000000e+00
9.404372121678572806e-07,8.250077564520277851e-02,3.070300000000000000e+04,4.367000000000000000e+03,1.687800000000000000e+04,4.000000000000000000e+00,0.000000000000000000e+00,0.000000000000000000e+00
1.912043213301349866e-05,9.599452839491976475e-01,2.357900000000000000e+04,2.310000000000000000e+03,1.177000000000000000e+04,0.000000000000000000e+00,0.000000000000000000e+00,0.000000000000000000e+00
4.001472382201649443e-06,7.996981962827253154e-01,2.619600000000000000e+04,2.773000000000000000e+03,1.368500000000000000e+04,0.000000000000000000e+00,0.000000000000000000e+00,0.000000000000000000e+00
8.183310219613846445e-06,5.202176413664911792e-01,2.728200000000000000e+04,3.132000000000000000e+03,1.431800000000000000e+04,0.000000000000000000e+00,0.000000000000000000e+00,0.000000000000000000e+00
1.368147722630798920e-05,8.050740566123087971e-01,2.574300000000000000e+04,2.821000000000000000e+03,1.345200000000000000e+04,0.000000000000000000e+00,0.000000000000000000e+00,0.000000000000000000e+00
6.951304244400972253e-06,4.396579789007480921e-01,2.792000000000000000e+04,3.493000000000000000e+03,1.496600000000000000e+04,0.000000000000000000e+00,0.000000000000000000e+00,0.000000000000000000e+00
2.186032248015911510e-06,3.805259297990690182e-01,2.923300000000000000e+04,3.590000000000000000e+03,1.573000000000000000e+04,0.000000000000000000e+00,0.000000000000000000e+00,0.000000000000000000e+00
1.131902405691388797e-06,1.212844060326695728e-01,3.161900000000000000e+04,4.575000000000000000e+03,1.778600000000000000e+04,0.000000000000000000e+00,0.000000000000000000e+00,0.000000000000000000e+00
1.767342083176164305e-06,1.638405444705572367e-01,2.935200000000000000e+04,3.864000000000000000e+03,1.600100000000000000e+04,0.000000000000000000e+00,0.000000000000000000e+00,0.000000000000000000e+00
5.758543622798911110e-08,1.315729322567963516e-02,3.391200000000000000e+04,5.768000000000000000e+03,1.957200000000000000e+04,5.600000000000000000e+01,0.000000000000000000e+00,2.000000000000000000e+00
1.055529294604862478e-06,1.378192385893733385e-01,3.162900000000000000e+04,4.589000000000000000e+03,1.769300000000000000e+04,0.000000000000000000e+00,0.000000000000000000e+00,0.000000000000000000e+00
2.281779039268782159e-08,3.544085455651306386e-03,3.270800000000000000e+04,5.792000000000000000e+03,1.896600000000000000e+04,4.400000000000000000e+02,1.700000000000000000e+01,1.280000000000000000e+02
1.507514444735645419e-06,1.138322900015501099e-01,2.910300000000000000e+04,3.903000000000000000e+03,1.582100000000000000e+04,0.000000000000000000e+00,0.000000000000000000e+00,0.000000000000000000e+00
6.411080629519727185e-07,1.038717249370686019e-01,3.170400000000000000e+04,4.596000000000000000e+03,1.775800000000000000e+04,0.000000000000000000e+00,0.000000000000000000e+00,0.000000000000000000e+00
9.210446567833430007e-07,1.320278578123048052e-01,2.821100000000000000e+04,3.777000000000000000e+03,1.532100000000000000e+04,0.000000000000000000e+00,0.000000000000000000e+00,0.000000000000000000e+00
9.019586476088504855e-07,1.609586248926927199e-01,2.941900000000000000e+04,3.902000000000000000e+03,1.602200000000000000e+04,0.000000000000000000e+00,0.000000000000000000e+00,0.000000000000000000e+00
9.492435812488642771e-07,1.169338818585348161e-01,3.244600000000000000e+04,5.056000000000000000e+03,1.850600000000000000e+04,0.000000000000000000e+00,0.000000000000000000e+00,0.000000000000000000e+00
1.369746892817124289e-08,3.129638793115349996e-03,3.417200000000000000e+04,6.233000000000000000e+03,2.007200000000000000e+04,5.390000000000000000e+02,5.000000000000000000e+00,1.720000000000000000e+02
4.014833752848642357e-10,9.173212603521162711e-05,3.121300000000000000e+04,4.950000000000000000e+03,1.792100000000000000e+04,2.800000000000000000e+01,4.000000000000000000e+00,1.000000000000000000e+01
2.775227388037586615e-06,5.424917094480611324e-01,2.687300000000000000e+04,3.375000000000000000e+03,1.432200000000000000e+04,0.000000000000000000e+00,0.000000000000000000e+00,0.000000000000000000e+00
8.644824760130633700e-08,1.635710063123505670e-02,3.633300000000000000e+04,6.215000000000000000e+03,2.125600000000000000e+04,1.060000000000000000e+02,0.000000000000000000e+00,3.100000000000000000e+01
7.151837554881226328e-07,5.881674107854528710e-02,3.377900000000000000e+04,6.092000000000000000e+03,1.974800000000000000e+04,2.570000000000000000e+02,0.000000000000000000e+00,0.000000000000000000e+00
4.574319654132316092e-07,1.045154277535113863e-01,2.976600000000000000e+04,4.071000000000000000e+03,1.638500000000000000e+04,0.000000000000000000e+00,0.000000000000000000e+00,0.000000000000000000e+00
2.123213748803572807e-07,4.043815947043061937e-02,3.424000000000000000e+04,5.787000000000000000e+03,1.978700000000000000e+04,4.000000000000000000e+01,0.000000000000000000e+00,5.000000000000000000e+00
5.600670624881867327e-08,1.279658026384883525e-02,3.488900000000000000e+04,6.305000000000000000e+03,2.055200000000000000e+04,2.480000000000000000e+02,0.000000000000000000e+00,1.200000000000000000e+01
6.513446304527774597e-07,5.494601752792038774e-02,2.955900000000000000e+04,3.884000000000000000e+03,1.605800000000000000e+04,9.000000000000000000e+00,0.000000000000000000e+00,0.000000000000000000e+00
4.711906859315373176e-07,4.827244211283977793e-02,3.929300000000000000e+04,6.802000000000000000e+03,2.321200000000000000e+04,1.010000000000000000e+02,0.000000000000000000e+00,3.000000000000000000e+00
1.083741896727777479e-05,4.347109313047818890e-01,3.020200000000000000e+04,4.155000000000000000e+03,1.653800000000000000e+04,0.000000000000000000e+00,0.000000000000000000e+00,0.000000000000000000e+00
5.432366426448485990e-06,3.612637542963179627e-01,3.091400000000000000e+04,4.231000000000000000e+03,1.702100000000000000e+04,0.000000000000000000e+00,0.000000000000000000e+00,0.000000000000000000e+00
9.151890184796279290e-09,2.013463115062743680e-03,3.211100000000000000e+04,4.732000000000000000e+03,1.806100000000000000e+04,1.250000000000000000e+02,6.000000000000000000e+00,3.900000000000000000e+01
5.410576206526099788e-07,9.576905522831974382e-02,2.958300000000000000e+04,3.761000000000000000e+03,1.587000000000000000e+04,9.000000000000000000e+00,0.000000000000000000e+00,0.000000000000000000e+00
6.109325041056581580e-06,5.640585033649534452e-01,2.792100000000000000e+04,3.393000000000000000e+03,1.490900000000000000e+04,0.000000000000000000e+00,0.000000000000000000e+00,0.000000000000000000e+00
1.983259114815555775e-06,1.222036623093431251e-01,3.453400000000000000e+04,4.996000000000000000e+03,1.946400000000000000e+04,0.000000000000000000e+00,0.000000000000000000e+00,0.000000000000000000e+00
5.184816469652348166e-07,7.061123141534841885e-02,2.482800000000000000e+04,2.941000000000000000e+03,1.292200000000000000e+04,8.000000000000000000e+00,0.000000000000000000e+00,0.000000000000000000e+00
1.709657143402770820e-07,3.273589914377175725e-02,2.825500000000000000e+04,3.671000000000000000e+03,1.509200000000000000e+04,3.000000000000000000e+00,0.000000000000000000e+00,2.000000000000000000e+00
2.719634166982446655e-06,3.590305359473204838e-01,2.833900000000000000e+04,3.902000000000000000e+03,1.554300000000000000e+04,0.000000000000000000e+00,0.000000000000000000e+00,0.000000000000000000e+00
3.179434377307325978e-07,4.895988399487286036e-02,3.148800000000000000e+04,4.878000000000000000e+03,1.781600000000000000e+04,1.400000000000000000e+01,0.000000000000000000e+00,2.000000000000000000e+00
1.524587809609669767e-07,2.522638909082804484e-02,2.856200000000000000e+04,3.532000000000000000e+03,1.530600000000000000e+04,2.000000000000000000e+00,0.000000000000000000e+00,2.000000000000000000e+00
1.980598523640645299e-06,1.774287977671890337e-01,2.924000000000000000e+04,4.188000000000000000e+03,1.608200000000000000e+04,0.000000000000000000e+00,0.000000000000000000e+00,0.000000000000000000e+00
3.136684923835624702e-06,3.221265322340579607e-01,3.271900000000000000e+04,4.477000000000000000e+03,1.804000000000000000e+04,0.000000000000000000e+00,0.000000000000000000e+00,0.000000000000000000e+00
1.496034796747812371e-07,1.947948070050444652e-02,3.592800000000000000e+04,5.082000000000000000e+03,2.038600000000000000e+04,3.600000000000000000e+01,0.000000000000000000e+00,2.400000000000000000e+01
1.107660404157034128e-06,2.530815721230116333e-01,2.487500000000000000e+04,3.104000000000000000e+03,1.321000000000000000e+04,0.000000000000000000e+00,0.000000000000000000e+00,0.000000000000000000e+00
4.659170298674358021e-07,7.687787524566856712e-02,2.679600000000000000e+04,3.497000000000000000e+03,1.450200000000000000e+04,5.000000000000000000e+00,0.000000000000000000e+00,0.000000000000000000e+00
6.865287925873824677e-07,1.568601581167428927e-01,2.739200000000000000e+04,3.450000000000000000e+03,1.449200000000000000e+04,0.000000000000000000e+00,0.000000000000000000e+00,0.000000000000000000e+00
2.053118622407289488e-08,3.446717018332696655e-03,3.820600000000000000e+04,6.927000000000000000e+03,2.280900000000000000e+04,3.090000000000000000e+02,6.000000000000000000e+00,3.600000000000000000e+01
5.799884027917506004e-06,7.500504276085837585e-01,2.532800000000000000e+04,2.833000000000000000e+03,1.322800000000000000e+04,0.000000000000000000e+00,0.000000000000000000e+00,0.000000000000000000e+00
1.440528911171717682e-06,1.752865878744156169e-01,3.406700000000000000e+04,4.553000000000000000e+03,1.898600000000000000e+04,0.000000000000000000e+00,0.000000000000000000e+00,0.000000000000000000e+00
3.980835364744618221e-06,3.247651225023469590e-01,2.805700000000000000e+04,3.448000000000000000e+03,1.512400000000000000e+04,0.000000000000000000e+00,0.000000000000000000e+00,0.000000000000000000e+00
6.833591683252539802e-07,7.490694168294745325e-02,3.622300000000000000e+04,5.465000000000000000e+03,2.056300000000000000e+04,9.000000000000000000e+00,0.000000000000000000e+00,0.000000000000000000e+00
5.177991535056957582e-07,1.183083039904418710e-01,2.661400000000000000e+04,3.065000000000000000e+03,1.389700000000000000e+04,0.000000000000000000e+00,0.000000000000000000e+00,0.000000000000000000e+00
5.218371407048135211e-06,6.393839226341786475e-01,2.781700000000000000e+04,3.299000000000000000e+03,1.469000000000000000e+04,0.000000000000000000e+00,0.000000000000000000e+00,0.000000000000000000e+00
6.535780111093807704e-08,1.493314647123046394e-02,2.961100000000000000e+04,3.725000000000000000e+03,1.605900000000000000e+04,2.000000000000000000e+00,0.000000000000000000e+00,1.000000000000000000e+00
2.478940806300072963e-06,2.657919293405786587e-01,2.839600000000000000e+04,3.330000000000000000e+03,1.498200000000000000e+04,0.000000000000000000e+00,0.000000000000000000e+00,0.000000000000000000e+00
4.213285248795512828e-06,7.374587868332608265e-01,2.454800000000000000e+04,2.571000000000000000e+03,1.235100000000000000e+04,0.000000000000000000e+00,0.000000000000000000e+00,0.000000000000000000e+00
1.329909379733251519e-05,5.704212113480813251e-01,2.830300000000000000e+04,3.357000000000000000e+03,1.501600000000000000e+04,0.000000000000000000e+00,0.000000000000000000e+00,0.000000000000000000e+00
2.449151303978202192e-06,4.612291095499174154e-01,2.455600000000000000e+04,2.710000000000000000e+03,1.285300000000000000e+04,0.000000000000000000e+00,0.000000000000000000e+00,0.000000000000000000e+00
3.577324986461129966e-07,8.128420280482492877e-02,2.590200000000000000e+04,2.814000000000000000e+03,1.348900000000000000e+04,2.000000000000000000e+00,0.000000000000000000e+00,0.000000000000000000e+00
1.044743246675601492e-07,1.918472117149281134e-02,3.095700000000000000e+04,4.551000000000000000e+03,1.738500000000000000e+04,8.800000000000000000e+01,0.000000000000000000e+00,2.500000000000000000e+01
6.437145063676721460e-08,1.470778215584048199e-02,2.797700000000000000e+04,3.652000000000000000e+03,1.507000000000000000e+04,6.000000000000000000e+00,0.000000000000000000e+00,4.000000000000000000e+00
1.911296315555146236e-07,2.756200866294392787e-02,3.351500000000000000e+04,5.169000000000000000e+03,1.884900000000000000e+04,3.800000000000000000e+01,0.000000000000000000e+00,4.000000000000000000e+00
1.009562616069122291e-06,2.128443898002139179e-01,2.981200000000000000e+04,3.870000000000000000e+03,1.621100000000000000e+04,0.000000000000000000e+00,0.000000000000000000e+00,0.000000000000000000e+00
5.457433028782668182e-06,4.927374534692940955e-01,2.489600000000000000e+04,2.772000000000000000e+03,1.295100000000000000e+04,0.000000000000000000e+00,0.000000000000000000e+00,0.000000000000000000e+00
1.966609822762598792e-06,3.635755760955234339e-01,2.702800000000000000e+04,3.236000000000000000e+03,1.434700000000000000e+04,0.000000000000000000e+00,0.000000000000000000e+00,0.000000000000000000e+00
3.147579167548454754e-06,2.916793973471069612e-01,2.320200000000000000e+04,2.152000000000000000e+03,1.149600000000000000e+04,0.000000000000000000e+00,0.000000000000000000e+00,0.000000000000000000e+00
2.725804284645335019e-06,2.541317492738995321e-01,2.481600000000000000e+04,2.484000000000000000e+03,1.248700000000000000e+04,0.000000000000000000e+00,0.000000000000000000e+00,0.000000000000000000e+00
8.487653237173295689e-07,1.130313474273563629e-01,2.671500000000000000e+04,2.903000000000000000e+03,1.381100000000000000e+04,0.000000000000000000e+00,0.000000000000000000e+00,0.000000000000000000e+00
2.579665210203453349e-06,3.497021544994459163e-01,2.251400000000000000e+04,2.060000000000000000e+03,1.108000000000000000e+04,0.000000000000000000e+00,0.000000000000000000e+00,0.000000000000000000e+00
2.059501246640616529e-06,2.529576613822685505e-01,2.612300000000000000e+04,2.799000000000000000e+03,1.339900000000000000e+04,0.000000000000000000e+00,0.000000000000000000e+00,0.000000000000000000e+00
3.803064550562548889e-06,3.764555486685543517e-01,2.655200000000000000e+04,3.012000000000000000e+03,1.387400000000000000e+04,0.000000000000000000e+00,0.000000000000000000e+00,0.000000000000000000e+00
6.295022079005809185e-07,1.135448095494230453e-01,2.425000000000000000e+04,2.598000000000000000e+03,1.235100000000000000e+04,0.000000000000000000e+00,0.000000000000000000e+00,0.000000000000000000e+00
7.505454843355258280e-07,1.714868838974339393e-01,2.421500000000000000e+04,2.560000000000000000e+03,1.242300000000000000e+04,0.000000000000000000e+00,0.000000000000000000e+00,0.000000000000000000e+00
9.654142662939034692e-07,2.205807478056299176e-01,2.670900000000000000e+04,3.272000000000000000e+03,1.423700000000000000e+04,0.000000000000000000e+00,0.000000000000000000e+00,0.000000000000000000e+00
1.523787362772387138e-06,2.423878889670494363e-01,2.436300000000000000e+04,2.881000000000000000e+03,1.263900000000000000e+04,0.000000000000000000e+00,0.000000000000000000e+00,0.000000000000000000e+00
1.918426427251501409e-06,4.383278253777047606e-01,2.682500000000000000e+04,2.954000000000000000e+03,1.399800000000000000e+04,0.000000000000000000e+00,0.000000000000000000e+00,0.000000000000000000e+00
1.313353147867762568e-06,1.900424539608742691e-01,2.375600000000000000e+04,2.381000000000000000e+03,1.190200000000000000e+04,0.000000000000000000e+00,0.000000000000000000e+00,0.000000000000000000e+00
6.283423599041727389e-07,1.435655474179850788e-01,2.990900000000000000e+04,4.103000000000000000e+03,1.634700000000000000e+04,0.000000000000000000e+00,0.000000000000000000e+00,0.000000000000000000e+00
8.830387694971306042e-06,7.538741827595827338e-01,2.560000000000000000e+04,2.721000000000000000e+03,1.318600000000000000e+04,0.000000000000000000e+00,0.000000000000000000e+00,0.000000000000000000e+00
7.028198799064715527e-07,1.343253838857108307e-01,3.325200000000000000e+04,4.974000000000000000e+03,1.863900000000000000e+04,0.000000000000000000e+00,0.000000000000000000e+00,0.000000000000000000e+00
3.861836996036077646e-06,3.716627051210044663e-01,2.438500000000000000e+04,2.463000000000000000e+03,1.225400000000000000e+04,0.000000000000000000e+00,0.000000000000000000e+00,0.000000000000000000e+00
1.266213184758274922e-06,1.532893316113510818e-01,2.900200000000000000e+04,3.691000000000000000e+03,1.577200000000000000e+04,0.000000000000000000e+00,0.000000000000000000e+00,0.000000000000000000e+00
2.227154780063544739e-06,3.011141789727676543e-01,2.667600000000000000e+04,2.828000000000000000e+03,1.369000000000000000e+04,0.000000000000000000e+00,0.000000000000000000e+00,0.000000000000000000e+00
3.858282399568155863e-09,8.815519375005308233e-04,3.186000000000000000e+04,5.078000000000000000e+03,1.804400000000000000e+04,2.870000000000000000e+02,2.100000000000000000e+01,9.900000000000000000e+01
8.589754675596285278e-07,1.671385955691121750e-01,2.765100000000000000e+04,3.647000000000000000e+03,1.497800000000000000e+04,0.000000000000000000e+00,0.000000000000000000e+00,0.000000000000000000e+00
2.894871625377157407e-07,6.614289535810490006e-02,2.718900000000000000e+04,3.047000000000000000e+03,1.398400000000000000e+04,2.000000000000000000e+00,0.000000000000000000e+00,0.000000000000000000e+00
1.717605944304078095e-06,2.508209199157140357e-01,2.948500000000000000e+04,3.567000000000000000e+03,1.580600000000000000e+04,0.000000000000000000e+00,0.000000000000000000e+00,0.000000000000000000e+00
6.420158032062454465e-06,5.645307877345742131e-01,2.816900000000000000e+04,3.149000000000000000e+03,1.478400000000000000e+04,0.000000000000000000e+00,0.000000000000000000e+00,0.000000000000000000e+00
6.445340292166740113e-06,6.502926324044314699e-01,2.767300000000000000e+04,3.302000000000000000e+03,1.476700000000000000e+04,0.000000000000000000e+00,0.000000000000000000e+00,0.000000000000000000e+00
7.073181397295587880e-06,4.762294468741098408e-01,2.485900000000000000e+04,2.478000000000000000e+03,1.254700000000000000e+04,0.000000000000000000e+00,0.000000000000000000e+00,0.000000000000000000e+00
8.866517224274012991e-06,6.090348810853972727e-01,2.658100000000000000e+04,2.957000000000000000e+03,1.378800000000000000e+04,0.000000000000000000e+00,0.000000000000000000e+00,0.000000000000000000e+00
2.674459769414682810e-06,3.264203590408003564e-01,3.110500000000000000e+04,4.382000000000000000e+03,1.708200000000000000e+04,0.000000000000000000e+00,0.000000000000000000e+00,0.000000000000000000e+00
3.954704348831441306e-06,2.140759842209954689e-01,3.086900000000000000e+04,4.281000000000000000e+03,1.714500000000000000e+04,0.000000000000000000e+00,0.000000000000000000e+00,0.000000000000000000e+00
1.644763118311207052e-06,1.096308938407810907e-01,3.330200000000000000e+04,5.273000000000000000e+03,1.896700000000000000e+04,0.000000000000000000e+00,0.000000000000000000e+00,0.000000000000000000e+00
3.443703857259102794e-07,5.868510133417145086e-02,3.324100000000000000e+04,5.289000000000000000e+03,1.890300000000000000e+04,3.000000000000000000e+00,0.000000000000000000e+00,0.000000000000000000e+00
5.085566354778159758e-08,7.862088077062694483e-03,3.396500000000000000e+04,5.584000000000000000e+03,1.944200000000000000e+04,1.750000000000000000e+02,1.500000000000000000e+01,8.200000000000000000e+01
1.345619973857606151e-07,2.041629676161352616e-02,3.186300000000000000e+04,4.663000000000000000e+03,1.781900000000000000e+04,1.300000000000000000e+01,0.000000000000000000e+00,7.000000000000000000e+00
1.647704819092855115e-07,2.281069801329296473e-02,2.998600000000000000e+04,4.145000000000000000e+03,1.647700000000000000e+04,5.000000000000000000e+00,0.000000000000000000e+00,3.000000000000000000e+00
1.787117043452651970e-06,2.358299905527536378e-01,2.966500000000000000e+04,4.010000000000000000e+03,1.631900000000000000e+04,0.000000000000000000e+00,0.000000000000000000e+00,0.000000000000000000e+00
1.493038842042241707e-07,3.029798519010724195e-02,2.923600000000000000e+04,3.609000000000000000e+03,1.571800000000000000e+04,1.700000000000000000e+01,0.000000000000000000e+00,1.100000000000000000e+01
5.257575114375503685e-07,1.004318195525693985e-01,2.742300000000000000e+04,3.416000000000000000e+03,1.461100000000000000e+04,0.000000000000000000e+00,0.000000000000000000e+00,0.000000000000000000e+00
7.811177457149153108e-07,1.784721258941809885e-01,2.775000000000000000e+04,3.280000000000000000e+03,1.474300000000000000e+04,0.000000000000000000e+00,0.000000000000000000e+00,0.000000000000000000e+00
1.265496545300296113e-06,1.836176349338036473e-01,3.039500000000000000e+04,4.074000000000000000e+03,1.654800000000000000e+04,0.000000000000000000e+00,0.000000000000000000e+00,0.000000000000000000e+00
2.194609761237389734e-06,5.014310220768024573e-01,2.769400000000000000e+04,3.230000000000000000e+03,1.467200000000000000e+04,0.000000000000000000e+00,0.000000000000000000e+00,0.000000000000000000e+00
2.284640545498302409e-06,2.895371765471666525e-01,2.750100000000000000e+04,3.476000000000000000e+03,1.468200000000000000e+04,0.000000000000000000e+00,0.000000000000000000e+00,0.000000000000000000e+00
5.013518354720848386e-08,1.145503714241683478e-02,3.129700000000000000e+04,4.430000000000000000e+03,1.716300000000000000e+04,3.800000000000000000e+01,0.000000000000000000e+00,9.000000000000000000e+00
2.404995346559901783e-08,5.495005517680459986e-03,3.143900000000000000e+04,4.561000000000000000e+03,1.738300000000000000e+04,2.000000000000000000e+01,1.000000000000000000e+00,1.000000000000000000e+00
1.438469659657190017e-06,3.286658632474537267e-01,2.544800000000000000e+04,2.804000000000000000e+03,1.309700000000000000e+04,0.000000000000000000e+00,0.000000000000000000e+00,0.000000000000000000e+00
4.197665103026928340e-07,9.590951157349016098e-02,2.844200000000000000e+04,3.846000000000000000e+03,1.560300000000000000e+04,1.000000000000000000e+00,0.000000000000000000e+00,0.000000000000000000e+00
1.185869653151347294e-06,1.407637595864096591e-01,2.732500000000000000e+04,3.261000000000000000e+03,1.446700000000000000e+04,0.000000000000000000e+00,0.000000000000000000e+00,0.000000000000000000e+00
1.977203678308195265e-07,4.517574280308913476e-02,2.959300000000000000e+04,3.836000000000000000e+03,1.612200000000000000e+04,1.000000000000000000e+00,0.000000000000000000e+00,1.000000000000000000e+00
5.810950362265667299e-07,1.327703371621546391e-01,2.616600000000000000e+04,2.904000000000000000e+03,1.353700000000000000e+04,0.000000000000000000e+00,0.000000000000000000e+00,0.000000000000000000e+00
1.441528651839715928e-08,3.293647909582937856e-03,2.949600000000000000e+04,3.968000000000000000e+03,1.608000000000000000e+04,2.000000000000000000e+00,1.000000000000000000e+00,2.000000000000000000e+00
8.152213172681944305e-07,1.862642122333888484e-01,2.855000000000000000e+04,3.862000000000000000e+03,1.526000000000000000e+04,0.000000000000000000e+00,0.000000000000000000e+00,0.000000000000000000e+00
5.910641659874016269e-06,3.774955544320801049e-01,2.881900000000000000e+04,3.974000000000000000e+03,1.566100000000000000e+04,0.000000000000000000e+00,0.000000000000000000e+00,0.000000000000000000e+00
4.982016364134585460e-06,6.203912659846931854e-01,2.754500000000000000e+04,3.221000000000000000e+03,1.465100000000000000e+04,0.000000000000000000e+00,0.000000000000000000e+00,0.000000000000000000e+00
1.024895938532699081e-07,9.707176930132829784e-03,3.166900000000000000e+04,4.135000000000000000e+03,1.751700000000000000e+04,3.500000000000000000e+01,3.000000000000000000e+00,1.700000000000000000e+01
1.387826222090419828e-06,3.170946987018853913e-01,2.457000000000000000e+04,2.250000000000000000e+03,1.212500000000000000e+04,0.000000000000000000e+00,0.000000000000000000e+00,0.000000000000000000e+00
3.499488531577339479e-07,5.475304980236005842e-02,2.680600000000000000e+04,3.192000000000000000e+03,1.396800000000000000e+04,7.000000000000000000e+00,0.000000000000000000e+00,0.000000000000000000e+00
2.836025679527674541e-06,4.653710753194719163e-01,2.679200000000000000e+04,3.266000000000000000e+03,1.409500000000000000e+04,0.000000000000000000e+00,0.000000000000000000e+00,0.000000000000000000e+00
1.098967458705087262e-07,1.868035191424471941e-02,3.092700000000000000e+04,4.971000000000000000e+03,1.753500000000000000e+04,1.700000000000000000e+01,0.000000000000000000e+00,8.000000000000000000e+00
1.791326485446859373e-06,4.092876493743547450e-01,2.516800000000000000e+04,2.716000000000000000e+03,1.296200000000000000e+04,0.000000000000000000e+00,0.000000000000000000e+00,0.000000000000000000e+00
9.389937855834871540e-07,1.385842009506186578e-01,2.724500000000000000e+04,3.356000000000000000e+03,1.446100000000000000e+04,0.000000000000000000e+00,0.000000000000000000e+00,0.000000000000000000e+00
1.581407898648320787e-06,2.071735461835342851e-01,2.985300000000000000e+04,3.907000000000000000e+03,1.627000000000000000e+04,0.000000000000000000e+00,0.000000000000000000e+00,0.000000000000000000e+00
1.204182411806672553e-06,1.488197565787796051e-01,2.962300000000000000e+04,3.778000000000000000e+03,1.593600000000000000e+04,0.000000000000000000e+00,0.000000000000000000e+00,0.000000000000000000e+00
8.555440958763188536e-06,5.655205496341462190e-01,3.134000000000000000e+04,3.899000000000000000e+03,1.672400000000000000e+04,0.000000000000000000e+00,0.000000000000000000e+00,0.000000000000000000e+00
2.370261621832004043e-06,3.407431394029836746e-01,2.850300000000000000e+04,3.227000000000000000e+03,1.497600000000000000e+04,0.000000000000000000e+00,0.000000000000000000e+00,0.000000000000000000e+00
1.116080362086376433e-05,6.442481087185392141e-01,2.430800000000000000e+04,2.571000000000000000e+03,1.252300000000000000e+04,0.000000000000000000e+00,0.000000000000000000e+00,0.000000000000000000e+00
2.907137733538977711e-06,6.642315507721862078e-01,2.248100000000000000e+04,2.128000000000000000e+03,1.106900000000000000e+04,0.000000000000000000e+00,0.000000000000000000e+00,0.000000000000000000e+00
1.891768112445227227e-05,9.957712890245841164e-01,2.216100000000000000e+04,2.006000000000000000e+03,1.089400000000000000e+04,0.000000000000000000e+00,0.000000000000000000e+00,0.000000000000000000e+00
5.664771569718402579e-06,9.999460662552247525e-01,2.179700000000000000e+04,1.821000000000000000e+03,1.050300000000000000e+04,0.000000000000000000e+00,0.000000000000000000e+00,0.000000000000000000e+00
1.891930347364166267e-06,1.284054741340851236e-01,2.404400000000000000e+04,2.556000000000000000e+03,1.205100000000000000e+04,0.000000000000000000e+00,0.000000000000000000e+00,0.000000000000000000e+00
9.402411792219088850e-06,8.300310018693963787e-01,2.328300000000000000e+04,2.222000000000000000e+03,1.172000000000000000e+04,0.000000000000000000e+00,0.000000000000000000e+00,0.000000000000000000e+00
5.294421193056177538e-06,4.199292443094927441e-01,2.514500000000000000e+04,2.949000000000000000e+03,1.320500000000000000e+04,0.000000000000000000e+00,0.000000000000000000e+00,0.000000000000000000e+00
3.766159641384934193e-06,4.203635961822658751e-01,2.451200000000000000e+04,2.918000000000000000e+03,1.286800000000000000e+04,0.000000000000000000e+00,0.000000000000000000e+00,0.000000000000000000e+00
6.665790245819869305e-06,6.048153847676515094e-01,2.453400000000000000e+04,2.750000000000000000e+03,1.250700000000000000e+04,0.000000000000000000e+00,0.000000000000000000e+00,0.000000000000000000e+00
1.141884216773592511e-05,7.682192056027601357e-01,2.527900000000000000e+04,2.748000000000000000e+03,1.314300000000000000e+04,0.000000000000000000e+00,0.000000000000000000e+00,0.000000000000000000e+00
1.739533276194351113e-06,3.974537815447138911e-01,2.218200000000000000e+04,2.160000000000000000e+03,1.097000000000000000e+04,0.000000000000000000e+00,0.000000000000000000e+00,0.000000000000000000e+00
1.062047187204353605e-06,2.426597274740122934e-01,2.359600000000000000e+04,2.444000000000000000e+03,1.183800000000000000e+04,0.000000000000000000e+00,0.000000000000000000e+00,0.000000000000000000e+00
3.965689849330013266e-06,3.126989754667623966e-01,2.741500000000000000e+04,3.384000000000000000e+03,1.462200000000000000e+04,0.000000000000000000e+00,0.000000000000000000e+00,0.000000000000000000e+00
3.899932004110425249e-08,8.910681640951621796e-03,2.704400000000000000e+04,3.589000000000000000e+03,1.454900000000000000e+04,1.400000000000000000e+01,1.000000000000000000e+00,4.000000000000000000e+00
9.688044591752976192e-07,1.765499838870842886e-01,2.459800000000000000e+04,2.542000000000000000e+03,1.245400000000000000e+04,0.000000000000000000e+00,0.000000000000000000e+00,0.000000000000000000e+00
2.908308891199028101e-06,3.744201503916201323e-01,2.522300000000000000e+04,2.789000000000000000e+03,1.287400000000000000e+04,0.000000000000000000e+00,0.000000000000000000e+00,0.000000000000000000e+00
2.496135037461155712e-06,3.821285706920488634e-01,2.776200000000000000e+04,3.599000000000000000e+03,1.487000000000000000e+04,0.000000000000000000e+00,0.000000000000000000e+00,0.000000000000000000e+00
1.953680998932507812e-06,1.672647939696151609e-01,2.686100000000000000e+04,3.461000000000000000e+03,1.430100000000000000e+04,0.000000000000000000e+00,0.000000000000000000e+00,0.000000000000000000e+00
1.638587996381057871e-05,8.049722467967466155e-01,2.558600000000000000e+04,2.650000000000000000e+03,1.292700000000000000e+04,0.000000000000000000e+00,0.000000000000000000e+00,0.000000000000000000e+00
9.639267702838150243e-07,1.192552115552998337e-01,2.519700000000000000e+04,2.793000000000000000e+03,1.307100000000000000e+04,0.000000000000000000e+00,0.000000000000000000e+00,0.000000000000000000e+00
3.001956565399661593e-06,4.315349260370293649e-01,2.757500000000000000e+04,3.543000000000000000e+03,1.474100000000000000e+04,0.000000000000000000e+00,0.000000000000000000e+00,0.000000000000000000e+00
6.214757408780902398e-06,7.014750915592145031e-01,2.373100000000000000e+04,2.473000000000000000e+03,1.218500000000000000e+04,0.000000000000000000e+00,0.000000000000000000e+00,0.000000000000000000e+00
4.402654588021713074e-06,4.490096377352594814e-01,2.680200000000000000e+04,3.184000000000000000e+03,1.420400000000000000e+04,0.000000000000000000e+00,0.000000000000000000e+00,0.000000000000000000e+00
8.380698040433807666e-06,7.049359295693883309e-01,2.663700000000000000e+04,2.958000000000000000e+03,1.385900000000000000e+04,0.000000000000000000e+00,0.000000000000000000e+00,0.000000000000000000e+00
1.402308460946714546e-05,7.271402553849540817e-01,2.778300000000000000e+04,3.120000000000000000e+03,1.466800000000000000e+04,0.000000000000000000e+00,0.000000000000000000e+00,0.000000000000000000e+00
1.761153397497166629e-06,3.168931257132551194e-01,3.056600000000000000e+04,3.651000000000000000e+03,1.655400000000000000e+04,0.000000000000000000e+00,0.000000000000000000e+00,0.000000000000000000e+00
3.861383891502279848e-07,6.276837256323228309e-02,2.917700000000000000e+04,3.834000000000000000e+03,1.573500000000000000e+04,2.000000000000000000e+00,0.000000000000000000e+00,0.000000000000000000e+00
1.163197593666837054e-06,1.400009891475914314e-01,2.785900000000000000e+04,3.422000000000000000e+03,1.495100000000000000e+04,0.000000000000000000e+00,0.000000000000000000e+00,0.000000000000000000e+00
2.720211687837856572e-05,8.508675346645413473e-01,2.596500000000000000e+04,2.637000000000000000e+03,1.326400000000000000e+04,0.000000000000000000e+00,0.000000000000000000e+00,0.000000000000000000e+00
2.660405923216088658e-06,2.962680603592487416e-01,2.881700000000000000e+04,3.484000000000000000e+03,1.535500000000000000e+04,0.000000000000000000e+00,0.000000000000000000e+00,0.000000000000000000e+00
5.180762560390427283e-07,1.183716172085685914e-01,2.906900000000000000e+04,4.093000000000000000e+03,1.604300000000000000e+04,0.000000000000000000e+00,0.000000000000000000e+00,0.000000000000000000e+00
5.564046520960268321e-06,5.085952661086629023e-01,2.537100000000000000e+04,2.963000000000000000e+03,1.323800000000000000e+04,0.000000000000000000e+00,0.000000000000000000e+00,0.000000000000000000e+00
7.416511696708123065e-06,3.648684504224198322e-01,3.110000000000000000e+04,4.085000000000000000e+03,1.704400000000000000e+04,0.000000000000000000e+00,0.000000000000000000e+00,0.000000000000000000e+00
1.560349900601595786e-05,5.620655659992631614e-01,2.947900000000000000e+04,3.611000000000000000e+03,1.584200000000000000e+04,0.000000000000000000e+00,0.000000000000000000e+00,0.000000000000000000e+00
7.603959354323506555e-06,3.680888745930394057e-01,2.808400000000000000e+04,3.542000000000000000e+03,1.514500000000000000e+04,0.000000000000000000e+00,0.000000000000000000e+00,0.000000000000000000e+00
1.333820479478237624e-05,7.019245919566566849e-01,2.473300000000000000e+04,2.780000000000000000e+03,1.274000000000000000e+04,0.000000000000000000e+00,0.000000000000000000e+00,0.000000000000000000e+00
6.712978549043476447e-06,4.656736290526234945e-01,2.780000000000000000e+04,3.473000000000000000e+03,1.485700000000000000e+04,0.000000000000000000e+00,0.000000000000000000e+00,0.000000000000000000e+00
3.504278952393775817e-06,3.624951731815551637e-01,2.727200000000000000e+04,3.259000000000000000e+03,1.447300000000000000e+04,0.000000000000000000e+00,0.000000000000000000e+00,0.000000000000000000e+00
3.421070587481027873e-07,3.447721433858449286e-02,3.044900000000000000e+04,4.012000000000000000e+03,1.668700000000000000e+04,6.000000000000000000e+00,0.000000000000000000e+00,4.000000000000000000e+00
9.485304094003507566e-09,2.167230735310203375e-03,2.958400000000000000e+04,4.026000000000000000e+03,1.601600000000000000e+04,1.000000000000000000e+01,1.000000000000000000e+00,3.000000000000000000e+00
1.457284544604883859e-06,3.329647446049576742e-01,2.766900000000000000e+04,3.139000000000000000e+03,1.464100000000000000e+04,0.000000000000000000e+00,0.000000000000000000e+00,0.000000000000000000e+00
5.850384114789842661e-06,4.413920314582624460e-01,2.691400000000000000e+04,3.162000000000000000e+03,1.400300000000000000e+04,0.000000000000000000e+00,0.000000000000000000e+00,0.000000000000000000e+00
6.434466110355331872e-07,1.470166120292317191e-01,3.279400000000000000e+04,4.354000000000000000e+03,1.819200000000000000e+04,0.000000000000000000e+00,0.000000000000000000e+00,0.000000000000000000e+00
6.953673264171602539e-06,5.365166887397284645e-01,2.991900000000000000e+04,3.648000000000000000e+03,1.621200000000000000e+04,0.000000000000000000e+00,0.000000000000000000e+00,0.000000000000000000e+00
5.166488882554641102e-06,2.373704667306091309e-01,3.644000000000000000e+04,5.646000000000000000e+03,2.091900000000000000e+04,0.000000000000000000e+00,0.000000000000000000e+00,0.000000000000000000e+00
2.170490863580563379e-06,3.051453782918048807e-01,3.241000000000000000e+04,4.236000000000000000e+03,1.781600000000000000e+04,0.000000000000000000e+00,0.000000000000000000e+00,0.000000000000000000e+00
5.379725271878294614e-06,4.908474303569743680e-01,2.784100000000000000e+04,3.211000000000000000e+03,1.463700000000000000e+04,0.000000000000000000e+00,0.000000000000000000e+00,0.000000000000000000e+00
8.645351202219308761e-06,8.229756421090345109e-01,2.628600000000000000e+04,2.678000000000000000e+03,1.356000000000000000e+04,0.000000000000000000e+00,0.000000000000000000e+00,0.000000000000000000e+00
2.461902433718152994e-06,2.261414371007180180e-01,3.691400000000000000e+04,5.357000000000000000e+03,2.093300000000000000e+04,0.000000000000000000e+00,0.000000000000000000e+00,0.000000000000000000e+00
1.101028022215001875e-06,2.515661855997502472e-01,3.264600000000000000e+04,4.337000000000000000e+03,1.778800000000000000e+04,0.000000000000000000e+00,0.000000000000000000e+00,0.000000000000000000e+00
1.324987421338057140e-05,7.491796807056656515e-01,2.688900000000000000e+04,2.960000000000000000e+03,1.376900000000000000e+04,0.000000000000000000e+00,0.000000000000000000e+00,0.000000000000000000e+00
2.426608033558167191e-06,4.324149684878756394e-01,2.450300000000000000e+04,2.662000000000000000e+03,1.265300000000000000e+04,0.000000000000000000e+00,0.000000000000000000e+00,0.000000000000000000e+00
1.226561804904284088e-05,6.736762036008510091e-01,2.849000000000000000e+04,3.214000000000000000e+03,1.504800000000000000e+04,0.000000000000000000e+00,0.000000000000000000e+00,0.000000000000000000e+00
1.206420948855680489e-06,1.668475993049232387e-01,2.491200000000000000e+04,2.591000000000000000e+03,1.273600000000000000e+04,0.000000000000000000e+00,0.000000000000000000e+00,0.000000000000000000e+00
1.799299423825535459e-06,4.111093302539297611e-01,3.096200000000000000e+04,3.972000000000000000e+03,1.689700000000000000e+04,0.000000000000000000e+00,0.000000000000000000e+00,0.000000000000000000e+00
1.329189238427371368e-06,3.036971447636010457e-01,2.764300000000000000e+04,3.316000000000000000e+03,1.481000000000000000e+04,0.000000000000000000e+00,0.000000000000000000e+00,0.000000000000000000e+00
3.336332892538787096e-06,3.439212391831229509e-01,3.251500000000000000e+04,4.475000000000000000e+03,1.798900000000000000e+04,0.000000000000000000e+00,0.000000000000000000e+00,0.000000000000000000e+00
1.496815704431683408e-05,5.275072689301604223e-01,3.127600000000000000e+04,4.074000000000000000e+03,1.708600000000000000e+04,0.000000000000000000e+00,0.000000000000000000e+00,0.000000000000000000e+00
8.545510278230975486e-07,1.952503824901047902e-01,3.058500000000000000e+04,3.622000000000000000e+03,1.633200000000000000e+04,0.000000000000000000e+00,0.000000000000000000e+00,0.000000000000000000e+00
1.157247726343396204e-05,4.244471618605970553e-01,3.375200000000000000e+04,4.434000000000000000e+03,1.855000000000000000e+04,0.000000000000000000e+00,0.000000000000000000e+00,0.000000000000000000e+00
1.285991161766726418e-05,8.464765352186405245e-01,2.442800000000000000e+04,2.560000000000000000e+03,1.233000000000000000e+04,0.000000000000000000e+00,0.000000000000000000e+00,0.000000000000000000e+00
1.381288251509001220e-05,6.407752398861452647e-01,2.859000000000000000e+04,3.257000000000000000e+03,1.498900000000000000e+04,0.000000000000000000e+00,0.000000000000000000e+00,0.000000000000000000e+00
1.096600285703253221e-06,1.720286749043594132e-01,2.559500000000000000e+04,3.028000000000000000e+03,1.336500000000000000e+04,0.000000000000000000e+00,0.000000000000000000e+00,0.000000000000000000e+00
2.464052600233714019e-06,5.629941302591996433e-01,2.589300000000000000e+04,2.777000000000000000e+03,1.349500000000000000e+04,0.000000000000000000e+00,0.000000000000000000e+00,0.000000000000000000e+00
1.572859354823752567e-07,1.978026949199108292e-02,2.594100000000000000e+04,2.995000000000000000e+03,1.365800000000000000e+04,3.000000000000000000e+00,0.000000000000000000e+00,3.000000000000000000e+00
3.060365232990094525e-07,6.992414295292756488e-02,2.663800000000000000e+04,3.256000000000000000e+03,1.424100000000000000e+04,1.000000000000000000e+00,0.000000000000000000e+00,0.000000000000000000e+00
6.108158051460653575e-06,8.184641262818178609e-01,2.241700000000000000e+04,2.123000000000000000e+03,1.107300000000000000e+04,0.000000000000000000e+00,0.000000000000000000e+00,0.000000000000000000e+00
7.621045880873595851e-07,1.510912151163971151e-01,2.528000000000000000e+04,2.927000000000000000e+03,1.308500000000000000e+04,0.000000000000000000e+00,0.000000000000000000e+00,0.000000000000000000e+00
4.289847515520659805e-06,5.011502043868067968e-01,2.837700000000000000e+04,3.631000000000000000e+03,1.518700000000000000e+04,0.000000000000000000e+00,0.000000000000000000e+00,0.000000000000000000e+00
7.051972362388624540e-06,7.856765547957350604e-01,2.488900000000000000e+04,2.497000000000000000e+03,1.268100000000000000e+04,0.000000000000000000e+00,0.000000000000000000e+00,0.000000000000000000e+00
4.950768392362579869e-06,5.166543410626349697e-01,2.803500000000000000e+04,3.366000000000000000e+03,1.492300000000000000e+04,0.000000000000000000e+00,0.000000000000000000e+00,0.000000000000000000e+00
1.391716014106112705e-06,3.179834500510069217e-01,3.070100000000000000e+04,4.147000000000000000e+03,1.683600000000000000e+04,0.000000000000000000e+00,0.000000000000000000e+00,0.000000000000000000e+00
8.390980435388052127e-06,8.748175063821809205e-01,2.481900000000000000e+04,2.372000000000000000e+03,1.251900000000000000e+04,0.000000000000000000e+00,0.000000000000000000e+00,0.000000000000000000e+00
4.008240596532037166e-07,9.158148362174294010e-02,2.922700000000000000e+04,3.625000000000000000e+03,1.575500000000000000e+04,1.000000000000000000e+00,0.000000000000000000e+00,0.000000000000000000e+00
2.147248053764516789e-06,4.393708080149787976e-01,2.677800000000000000e+04,3.180000000000000000e+03,1.417800000000000000e+04,0.000000000000000000e+00,0.000000000000000000e+00,0.000000000000000000e+00
4.701868215814637258e-07,1.048910948104353896e-01,2.850100000000000000e+04,3.423000000000000000e+03,1.538300000000000000e+04,0.000000000000000000e+00,0.000000000000000000e+00,0.000000000000000000e+00
1.459390421212566451e-07,3.334459016099108192e-02,2.769900000000000000e+04,3.283000000000000000e+03,1.478400000000000000e+04,1.000000000000000000e+00,0.000000000000000000e+00,1.000000000000000000e+00
1.285936930269820576e-05,9.067879695336419354e-01,2.391000000000000000e+04,2.484000000000000000e+03,1.221600000000000000e+04,0.000000000000000000e+00,0.000000000000000000e+00,0.000000000000000000e+00
2.932484525746082252e-06,6.700228618960420990e-01,2.297800000000000000e+04,2.379000000000000000e+03,1.154500000000000000e+04,0.000000000000000000e+00,0.000000000000000000e+00,0.000000000000000000e+00
3.249579847983785397e-07,7.424737524068791839e-02,2.827600000000000000e+04,3.403000000000000000e+03,1.499000000000000000e+04,1.000000000000000000e+00,0.000000000000000000e+00,0.000000000000000000e+00
1.967974957841128264e-05,8.856208559878420150e-01,2.401200000000000000e+04,2.528000000000000000e+03,1.241300000000000000e+04,0.000000000000000000e+00,0.000000000000000000e+00,0.000000000000000000e+00
7.109091059450591151e-06,7.693324483010542947e-01,2.418500000000000000e+04,2.555000000000000000e+03,1.230400000000000000e+04,0.000000000000000000e+00,0.000000000000000000e+00,0.000000000000000000e+00
4.501205642829432580e-06,4.665298822994016215e-01,3.201400000000000000e+04,4.418000000000000000e+03,1.814200000000000000e+04,0.000000000000000000e+00,0.000000000000000000e+00,0.000000000000000000e+00
2.318415238349372836e-06,4.059817025785491529e-01,2.731800000000000000e+04,3.125000000000000000e+03,1.433200000000000000e+04,0.000000000000000000e+00,0.000000000000000000e+00,0.000000000000000000e+00
4.554950705693397923e-06,4.315640364334512036e-01,2.328800000000000000e+04,2.312000000000000000e+03,1.159300000000000000e+04,0.000000000000000000e+00,0.000000000000000000e+00,0.000000000000000000e+00
6.291985625305199432e-06,7.441946355576664063e-01,2.473600000000000000e+04,2.871000000000000000e+03,1.280900000000000000e+04,0.000000000000000000e+00,0.000000000000000000e+00,0.000000000000000000e+00
